matrix_size,	elapsed_time
3,	0.000569
4,	0.000319
5,	0.001138
6,	0.001188
7,	0.001887
8,	0.000551
9,	0.000358
10,	0.000383
11,	0.000683
12,	0.000678
13,	0.000349
14,	0.000615
15,	0.000341
16,	0.000605
17,	0.000351
18,	0.000615
19,	0.000322
20,	0.000597
21,	0.000638
22,	0.000391
23,	0.000644
24,	0.000708
25,	0.000978
26,	0.000361
27,	0.000598
28,	0.000306
29,	0.000591
30,	0.000178
31,	0.000807
32,	0.000699
33,	0.000701
34,	0.000160
35,	0.000156
36,	0.000982
37,	0.000181
38,	0.000120
39,	0.000137
40,	0.001149
41,	0.000386
42,	0.000133
43,	0.000752
44,	0.000154
45,	0.000137
46,	0.000678
47,	0.000137
48,	0.000589
49,	0.000195
50,	0.000147
51,	0.001462
52,	0.000205
53,	0.000681
54,	0.000706
55,	0.000170
56,	0.000153
57,	0.000694
58,	0.000630
59,	0.000159
60,	0.000170
61,	0.000216
62,	0.000366
63,	0.000785
64,	0.000185
65,	0.000519
66,	0.000195
67,	0.000426
68,	0.000187
69,	0.000433
70,	0.000181
71,	0.000259
72,	0.000452
73,	0.000464
74,	0.000345
75,	0.000606
76,	0.000710
77,	0.001359
78,	0.000337
79,	0.000593
80,	0.000611
81,	0.000562
82,	0.000280
83,	0.000621
84,	0.000560
85,	0.000554
86,	0.000310
87,	0.000371
88,	0.000602
89,	0.000597
90,	0.000324
91,	0.000385
92,	0.000576
93,	0.000386
94,	0.000363
95,	0.000657
96,	0.000633
97,	0.000694
98,	0.000643
99,	0.000669
100,	0.000665
101,	0.000683
102,	0.000664
103,	0.002547
104,	0.003057
105,	0.000744
106,	0.000745
107,	0.000702
108,	0.000644
109,	0.000839
110,	0.000707
111,	0.000715
112,	0.000692
113,	0.000508
114,	0.000842
115,	0.000740
116,	0.000690
117,	0.000757
118,	0.000760
119,	0.000781
120,	0.000766
121,	0.000798
122,	0.000790
123,	0.000780
124,	0.000759
125,	0.000812
126,	0.000801
127,	0.000804
128,	0.000833
129,	0.000851
130,	0.000883
131,	0.000645
132,	0.000580
133,	0.000671
134,	0.000656
135,	0.000684
136,	0.000669
137,	0.000710
138,	0.000692
139,	0.000730
140,	0.000743
141,	0.000753
142,	0.000763
143,	0.000794
144,	0.000759
145,	0.000809
146,	0.000752
147,	0.001055
148,	0.000848
149,	0.000851
150,	0.001996
151,	0.000901
152,	0.000888
153,	0.000905
154,	0.000923
155,	0.000951
156,	0.000964
157,	0.000989
158,	0.000980
159,	0.000985
160,	0.001026
161,	0.001035
162,	0.001049
163,	0.001058
164,	0.001056
165,	0.001101
166,	0.001326
167,	0.001134
168,	0.001118
169,	0.001172
170,	0.001170
171,	0.001188
172,	0.001186
173,	0.001236
174,	0.001870
175,	0.001734
176,	0.001296
177,	0.001347
178,	0.001674
179,	0.001404
180,	0.001389
181,	0.001692
182,	0.001417
183,	0.001761
184,	0.001691
185,	0.001787
186,	0.001766
187,	0.001807
188,	0.001774
189,	0.001864
190,	0.002006
191,	0.001858
192,	0.001879
193,	0.001931
194,	0.001923
195,	0.001975
196,	0.003963
197,	0.002220
198,	0.002015
199,	0.002349
200,	0.002029
201,	0.002122
202,	0.002101
203,	0.002165
204,	0.002127
205,	0.002236
206,	0.002209
207,	0.002262
208,	0.002488
209,	0.002341
210,	0.002289
211,	0.002411
212,	0.003150
213,	0.002520
214,	0.002399
215,	0.002519
216,	0.002450
217,	0.002593
218,	0.002548
219,	0.002601
220,	0.002510
221,	0.002690
222,	0.002599
223,	0.002772
224,	0.002629
225,	0.003455
226,	0.002766
227,	0.002882
228,	0.002749
229,	0.002922
230,	0.002876
231,	0.002996
232,	0.002914
233,	0.003683
234,	0.002965
235,	0.003120
236,	0.004003
237,	0.003165
238,	0.003086
239,	0.003221
240,	0.003120
241,	0.005868
242,	0.003462
243,	0.003409
244,	0.003375
245,	0.003485
246,	0.003431
247,	0.003519
248,	0.003541
249,	0.003660
250,	0.003519
251,	0.003771
252,	0.003562
253,	0.003692
254,	0.003436
255,	0.003431
256,	0.003301
257,	0.003392
258,	0.003374
259,	0.003667
260,	0.003433
261,	0.003562
262,	0.003519
263,	0.003630
264,	0.003685
265,	0.003667
266,	0.003594
267,	0.003679
268,	0.004291
269,	0.006403
270,	0.003810
271,	0.003850
272,	0.003925
273,	0.003932
274,	0.003923
275,	0.004031
276,	0.004036
277,	0.004210
278,	0.004087
279,	0.004190
280,	0.004159
281,	0.004207
282,	0.006206
283,	0.004389
284,	0.005007
285,	0.004209
286,	0.004093
287,	0.004205
288,	0.004812
289,	0.005624
290,	0.004717
291,	0.006388
292,	0.004751
293,	0.007394
294,	0.008006
295,	0.008414
296,	0.009465
297,	0.010188
298,	0.005507
299,	0.004929
300,	0.004958
301,	0.004935
302,	0.004826
303,	0.005115
304,	0.005214
305,	0.005065
306,	0.008899
307,	0.010097
308,	0.005561
309,	0.005705
310,	0.005671
311,	0.005991
312,	0.005956
313,	0.007031
314,	0.005886
315,	0.006046
316,	0.006004
317,	0.006175
318,	0.005698
319,	0.005822
320,	0.005858
321,	0.005901
322,	0.005953
323,	0.006112
324,	0.005970
325,	0.006560
326,	0.006098
327,	0.006075
328,	0.006038
329,	0.006327
330,	0.006517
331,	0.006214
332,	0.006292
333,	0.006536
334,	0.006307
335,	0.006423
336,	0.006577
337,	0.006627
338,	0.006530
339,	0.006811
340,	0.006701
341,	0.006857
342,	0.006892
343,	0.006875
344,	0.009136
345,	0.008468
346,	0.008595
347,	0.007462
348,	0.007123
349,	0.007241
350,	0.007344
351,	0.008902
352,	0.008446
353,	0.008281
354,	0.008291
355,	0.008400
356,	0.008907
357,	0.008064
358,	0.009067
359,	0.008057
360,	0.008816
361,	0.007971
362,	0.008002
363,	0.008477
364,	0.008107
365,	0.008788
366,	0.008313
367,	0.008424
368,	0.008402
369,	0.008542
370,	0.008694
371,	0.008883
372,	0.008709
373,	0.008892
374,	0.008764
375,	0.009228
376,	0.009163
377,	0.009086
378,	0.009366
379,	0.009376
380,	0.009495
381,	0.009319
382,	0.009237
383,	0.009954
384,	0.009604
385,	0.010679
386,	0.010452
387,	0.010689
388,	0.009887
389,	0.009936
390,	0.009837
391,	0.010164
392,	0.010073
393,	0.010343
394,	0.010387
395,	0.010804
396,	0.010327
397,	0.010548
398,	0.010481
399,	0.010688
400,	0.010931
401,	0.011037
402,	0.011039
403,	0.011149
404,	0.011329
405,	0.011308
406,	0.011374
407,	0.011718
408,	0.011670
409,	0.011556
410,	0.011812
411,	0.011853
412,	0.011944
413,	0.011917
414,	0.012039
415,	0.014027
416,	0.013738
417,	0.014072
418,	0.020775
419,	0.024681
420,	0.015620
421,	0.012758
422,	0.012460
423,	0.012695
424,	0.012755
425,	0.012964
426,	0.013143
427,	0.013207
428,	0.013632
429,	0.013185
430,	0.012980
431,	0.013665
432,	0.021663
433,	0.019482
434,	0.013649
435,	0.013728
436,	0.013723
437,	0.013787
438,	0.013811
439,	0.013988
440,	0.013796
441,	0.015619
442,	0.013991
443,	0.014715
444,	0.014024
445,	0.025759
446,	0.014873
447,	0.015297
448,	0.014662
449,	0.015232
450,	0.015259
451,	0.015294
452,	0.015359
453,	0.015502
454,	0.015440
455,	0.015931
456,	0.015427
457,	0.019539
458,	0.016583
459,	0.016297
460,	0.016015
461,	0.016218
462,	0.015783
463,	0.016465
464,	0.016218
465,	0.016510
466,	0.016699
467,	0.020233
468,	0.016585
469,	0.017753
470,	0.017036
471,	0.017403
472,	0.017034
473,	0.017635
474,	0.017067
475,	0.017310
476,	0.017510
477,	0.017720
478,	0.017468
479,	0.018073
480,	0.017829
481,	0.018580
482,	0.017908
483,	0.018596
484,	0.018334
485,	0.023460
486,	0.019397
487,	0.019184
488,	0.019154
489,	0.019477
490,	0.025846
491,	0.019373
492,	0.023987
493,	0.019530
494,	0.019453
495,	0.020073
496,	0.019762
497,	0.021037
498,	0.020103
499,	0.020296
500,	0.020436
501,	0.021407
502,	0.021837
503,	0.020532
504,	0.020404
505,	0.024858
506,	0.023288
507,	0.023779
508,	0.023469
509,	0.024113
510,	0.021063
511,	0.021343
512,	0.020641
513,	0.021533
514,	0.021300
515,	0.027666
516,	0.025176
517,	0.025709
518,	0.025424
519,	0.022926
520,	0.056082
521,	0.041588
522,	0.043112
523,	0.034222
524,	0.023123
525,	0.023530
526,	0.023149
527,	0.023598
528,	0.023543
529,	0.024531
530,	0.027985
531,	0.027816
532,	0.027820
533,	0.027670
534,	0.028573
535,	0.030137
536,	0.028453
537,	0.029142
538,	0.028653
539,	0.029256
540,	0.029085
541,	0.026223
542,	0.030278
543,	0.031352
544,	0.027834
545,	0.029817
546,	0.029357
547,	0.029885
548,	0.027024
549,	0.034281
550,	0.028431
551,	0.031267
552,	0.030641
553,	0.031291
554,	0.030880
555,	0.031051
556,	0.031109
557,	0.031742
558,	0.031289
559,	0.031907
560,	0.031602
561,	0.032867
562,	0.033684
563,	0.033140
564,	0.032074
565,	0.029425
566,	0.034798
567,	0.033811
568,	0.029892
569,	0.028651
570,	0.029431
571,	0.029204
572,	0.028780
573,	0.036849
574,	0.039169
575,	0.032957
576,	0.029369
577,	0.029923
578,	0.029262
579,	0.031849
580,	0.029780
581,	0.032625
582,	0.031299
583,	0.034714
584,	0.035061
585,	0.034654
586,	0.034423
587,	0.035275
588,	0.034998
589,	0.031854
590,	0.031189
591,	0.035183
592,	0.031602
593,	0.036707
594,	0.032172
595,	0.035070
596,	0.033813
597,	0.034846
598,	0.036877
599,	0.037695
600,	0.037196
601,	0.034449
602,	0.037545
603,	0.038293
604,	0.035640
605,	0.037705
606,	0.035764
607,	0.046114
608,	0.035203
609,	0.035051
610,	0.034249
611,	0.035116
612,	0.050681
613,	0.035679
614,	0.034663
615,	0.035831
616,	0.035812
617,	0.035987
618,	0.035434
619,	0.037600
620,	0.035667
621,	0.048633
622,	0.049281
623,	0.045706
624,	0.066437
625,	0.061476
626,	0.068622
627,	0.058001
628,	0.073924
629,	0.070672
630,	0.043265
631,	0.039401
632,	0.039736
633,	0.040091
634,	0.040491
635,	0.040972
636,	0.039429
637,	0.040187
638,	0.039634
639,	0.040428
640,	0.040672
641,	0.041242
642,	0.041189
643,	0.041877
644,	0.040965
645,	0.041822
646,	0.048059
647,	0.046156
648,	0.041638
649,	0.049719
650,	0.049227
651,	0.049894
652,	0.043350
653,	0.048337
654,	0.043577
655,	0.044941
656,	0.056540
657,	0.044664
658,	0.044132
659,	0.045202
660,	0.044492
661,	0.046383
662,	0.051371
663,	0.052145
664,	0.048186
665,	0.046971
666,	0.045482
667,	0.046521
668,	0.045641
669,	0.047535
670,	0.047079
671,	0.050659
672,	0.047495
673,	0.048133
674,	0.047192
675,	0.048516
676,	0.049021
677,	0.049846
678,	0.048067
679,	0.048737
680,	0.048167
681,	0.049232
682,	0.048344
683,	0.049365
684,	0.048606
685,	0.049870
686,	0.049210
687,	0.050804
688,	0.049872
689,	0.052520
690,	0.050458
691,	0.051226
692,	0.050953
693,	0.051478
694,	0.050893
695,	0.051575
696,	0.050609
697,	0.051996
698,	0.051560
699,	0.052730
700,	0.061993
701,	0.053380
702,	0.052176
703,	0.053401
704,	0.053531
705,	0.054081
706,	0.054299
707,	0.053967
708,	0.052967
709,	0.053351
710,	0.052530
711,	0.053660
712,	0.059496
713,	0.060113
714,	0.055335
715,	0.061867
716,	0.059581
717,	0.055549
718,	0.054709
719,	0.056338
720,	0.057374
721,	0.059140
722,	0.060613
723,	0.058142
724,	0.057437
725,	0.059535
726,	0.059162
727,	0.065119
728,	0.059792
729,	0.059825
730,	0.061165
731,	0.062778
732,	0.061143
733,	0.064804
734,	0.068431
735,	0.069804
736,	0.068505
737,	0.070659
738,	0.069402
739,	0.071050
740,	0.064444
741,	0.063673
742,	0.061626
743,	0.072708
744,	0.071345
745,	0.073132
746,	0.071827
747,	0.073280
748,	0.072272
749,	0.074302
750,	0.073414
751,	0.074668
752,	0.089827
753,	0.065554
754,	0.064992
755,	0.065203
756,	0.065288
757,	0.065874
758,	0.064643
759,	0.066980
760,	0.064950
761,	0.066326
762,	0.065535
763,	0.066720
764,	0.065907
765,	0.067593
766,	0.066234
767,	0.068966
768,	0.067674
769,	0.069091
770,	0.067142
771,	0.070483
772,	0.067916
773,	0.089230
774,	0.068139
775,	0.069597
776,	0.068506
777,	0.071039
778,	0.070568
779,	0.071698
780,	0.070950
781,	0.079427
782,	0.072456
783,	0.100689
784,	0.072830
785,	0.074274
786,	0.072928
787,	0.074767
788,	0.073948
789,	0.074733
790,	0.073393
791,	0.074337
792,	0.073673
793,	0.075203
794,	0.105104
795,	0.075581
796,	0.076913
797,	0.081317
798,	0.075301
799,	0.078124
800,	0.077334
801,	0.078137
802,	0.078418
803,	0.079132
804,	0.078468
805,	0.081456
806,	0.082783
807,	0.080942
808,	0.080182
809,	0.081762
810,	0.080004
811,	0.080267
812,	0.079606
813,	0.102791
814,	0.082149
815,	0.083614
816,	0.081920
817,	0.082898
818,	0.105770
819,	0.102455
820,	0.081725
821,	0.084175
822,	0.122359
823,	0.127797
824,	0.114543
825,	0.087188
826,	0.116673
827,	0.087891
828,	0.086490
829,	0.087076
830,	0.083786
831,	0.089538
832,	0.085936
833,	0.088433
834,	0.087918
835,	0.115846
836,	0.088311
837,	0.091036
838,	0.089912
839,	0.091558
840,	0.090827
841,	0.092412
842,	0.090350
843,	0.089337
844,	0.091987
845,	0.094588
846,	0.090061
847,	0.093455
848,	0.093329
849,	0.094562
850,	0.093030
851,	0.094244
852,	0.099141
853,	0.098492
854,	0.094192
855,	0.094955
856,	0.096885
857,	0.094283
858,	0.097835
859,	0.095940
860,	0.094645
861,	0.098859
862,	0.095561
863,	0.099688
864,	0.097728
865,	0.098933
866,	0.098411
867,	0.102148
868,	0.099428
869,	0.096549
870,	0.094588
871,	0.102108
872,	0.128102
873,	0.112301
874,	0.097598
875,	0.099706
876,	0.098926
877,	0.123726
878,	0.099689
879,	0.101036
880,	0.099871
881,	0.108031
882,	0.100257
883,	0.102247
884,	0.106139
885,	0.107317
886,	0.101395
887,	0.112844
888,	0.103686
889,	0.106840
890,	0.101655
891,	0.125533
892,	0.137073
893,	0.112572
894,	0.126831
895,	0.116392
896,	0.111634
897,	0.112413
898,	0.110015
899,	0.111865
900,	0.107081
901,	0.111497
902,	0.108002
903,	0.110712
904,	0.108843
905,	0.111353
906,	0.111902
907,	0.112316
908,	0.112332
909,	0.113148
910,	0.114473
911,	0.111672
912,	0.111626
913,	0.112242
914,	0.111136
915,	0.114353
916,	0.113296
917,	0.116722
918,	0.114019
919,	0.119190
920,	0.114879
921,	0.121628
922,	0.117405
923,	0.141746
924,	0.118567
925,	0.119871
926,	0.116994
927,	0.118930
928,	0.117793
929,	0.121041
930,	0.119653
931,	0.122660
932,	0.124705
933,	0.129515
934,	0.121427
935,	0.122832
936,	0.122253
937,	0.131388
938,	0.123000
939,	0.125687
940,	0.123841
941,	0.127543
942,	0.125576
943,	0.157044
944,	0.125792
945,	0.126183
946,	0.121677
947,	0.153543
948,	0.122888
949,	0.132661
950,	0.124981
951,	0.129493
952,	0.143530
953,	0.132620
954,	0.129436
955,	0.130755
956,	0.128196
957,	0.129939
958,	0.130760
959,	0.135124
960,	0.133625
961,	0.135336
962,	0.159213
963,	0.207363
964,	0.144424
965,	0.135087
966,	0.132085
967,	0.136714
968,	0.155480
969,	0.137058
970,	0.135848
971,	0.138428
972,	0.132541
973,	0.135435
974,	0.134764
975,	0.137901
976,	0.161270
977,	0.170374
978,	0.151370
979,	0.147469
980,	0.142667
981,	0.148258
982,	0.140202
983,	0.143379
984,	0.139041
985,	0.144215
986,	0.146251
987,	0.145132
988,	0.141072
989,	0.145570
990,	0.143876
991,	0.164040
992,	0.152437
993,	0.147332
994,	0.144032
995,	0.145027
996,	0.142934
997,	0.149295
998,	0.144980
999,	0.146884
