matrix_size,	elapsed_time
3,	0.001053
4,	0.000514
5,	0.000845
6,	0.001147
7,	0.000567
8,	0.001532
9,	0.001261
10,	0.000362
11,	0.004622
12,	0.001853
13,	0.001858
14,	0.002157
15,	0.000105
16,	0.000353
17,	0.000010
18,	0.000011
19,	0.000350
20,	0.000331
21,	0.000012
22,	0.000317
23,	0.000023
24,	0.000012
25,	0.000012
26,	0.001175
27,	0.000009
28,	0.000278
29,	0.000009
30,	0.000009
31,	0.000208
32,	0.000317
33,	0.000011
34,	0.000011
35,	0.000088
36,	0.000012
37,	0.000413
38,	0.001789
39,	0.000245
40,	0.003486
41,	0.002202
42,	0.001270
43,	0.000375
44,	0.000630
45,	0.000427
46,	0.000242
47,	0.000228
48,	0.001736
49,	0.000218
50,	0.002143
51,	0.000312
52,	0.000241
53,	0.000217
54,	0.000204
55,	0.000275
56,	0.000220
57,	0.000274
58,	0.000970
59,	0.000747
60,	0.000502
61,	0.001825
62,	0.000581
63,	0.000287
64,	0.000274
65,	0.000623
66,	0.000343
67,	0.000326
68,	0.000399
69,	0.000360
70,	0.000321
71,	0.000463
72,	0.000534
73,	0.002556
74,	0.003051
75,	0.002238
76,	0.000357
77,	0.000469
78,	0.000550
79,	0.000472
80,	0.000511
81,	0.000404
82,	0.000960
83,	0.000433
84,	0.000412
85,	0.001813
86,	0.001094
87,	0.000426
88,	0.000836
89,	0.000533
90,	0.000525
91,	0.000531
92,	0.000586
93,	0.000526
94,	0.000546
95,	0.000549
96,	0.005647
97,	0.002137
98,	0.000694
99,	0.000550
100,	0.000543
101,	0.000571
102,	0.000562
103,	0.000535
104,	0.000546
105,	0.000556
106,	0.000543
107,	0.000656
108,	0.000622
109,	0.000596
110,	0.000683
111,	0.000978
112,	0.000684
113,	0.001934
114,	0.000706
115,	0.000709
116,	0.000730
117,	0.000719
118,	0.000683
119,	0.000760
120,	0.000683
121,	0.000739
122,	0.001674
123,	0.000756
124,	0.000701
125,	0.000719
126,	0.000685
127,	0.000689
128,	0.000720
129,	0.000892
130,	0.003150
131,	0.001217
132,	0.000703
133,	0.000770
134,	0.000683
135,	0.000747
136,	0.000523
137,	0.000765
138,	0.001218
139,	0.000539
140,	0.000823
141,	0.000822
142,	0.000819
143,	0.000809
144,	0.000841
145,	0.000808
146,	0.000848
147,	0.000963
148,	0.001233
149,	0.001490
150,	0.003270
151,	0.000995
152,	0.002484
153,	0.001349
154,	0.001994
155,	0.001327
156,	0.001314
157,	0.001299
158,	0.001311
159,	0.001436
160,	0.001050
161,	0.001141
162,	0.001286
163,	0.001446
164,	0.001354
165,	0.000897
166,	0.001175
167,	0.001123
168,	0.001507
169,	0.000966
170,	0.001182
171,	0.001226
172,	0.001978
173,	0.001434
174,	0.001319
175,	0.003351
176,	0.001346
177,	0.001547
178,	0.001595
179,	0.001693
180,	0.001348
181,	0.001281
182,	0.001540
183,	0.001445
184,	0.001466
185,	0.001429
186,	0.001512
187,	0.001489
188,	0.001951
189,	0.001932
190,	0.001513
191,	0.002589
192,	0.001763
193,	0.001944
194,	0.002023
195,	0.002067
196,	0.002443
197,	0.002164
198,	0.002055
199,	0.002103
200,	0.002186
201,	0.002247
202,	0.002046
203,	0.002497
204,	0.002255
205,	0.002458
206,	0.002719
207,	0.002196
208,	0.002195
209,	0.002568
210,	0.003726
211,	0.003641
212,	0.004071
213,	0.002334
214,	0.002215
215,	0.002561
216,	0.002510
217,	0.002458
218,	0.002416
219,	0.002586
220,	0.002262
221,	0.002841
222,	0.002266
223,	0.003170
224,	0.002619
225,	0.002881
226,	0.002551
227,	0.002476
228,	0.002413
229,	0.002985
230,	0.002425
231,	0.003058
232,	0.002687
233,	0.002986
234,	0.002776
235,	0.002905
236,	0.004073
237,	0.002978
238,	0.002901
239,	0.010651
240,	0.006521
241,	0.003189
242,	0.002994
243,	0.003271
244,	0.003108
245,	0.003435
246,	0.003286
247,	0.003232
248,	0.003165
249,	0.005745
250,	0.003649
251,	0.004478
252,	0.005055
253,	0.004494
254,	0.004246
255,	0.004303
256,	0.005955
257,	0.004541
258,	0.003849
259,	0.004863
260,	0.004458
261,	0.004616
262,	0.004612
263,	0.003912
264,	0.005207
265,	0.004954
266,	0.004703
267,	0.005663
268,	0.004980
269,	0.005909
270,	0.005934
271,	0.005871
272,	0.006505
273,	0.004820
274,	0.006556
275,	0.007928
276,	0.007059
277,	0.011192
278,	0.006679
279,	0.004963
280,	0.004615
281,	0.005420
282,	0.005442
283,	0.005681
284,	0.005133
285,	0.005529
286,	0.005821
287,	0.005615
288,	0.004906
289,	0.007175
290,	0.005469
291,	0.005148
292,	0.005095
293,	0.006044
294,	0.005387
295,	0.006450
296,	0.005349
297,	0.009241
298,	0.009707
299,	0.005719
300,	0.007016
301,	0.005640
302,	0.006882
303,	0.006043
304,	0.007316
305,	0.007184
306,	0.009007
307,	0.009256
308,	0.014783
309,	0.009226
310,	0.008603
311,	0.005728
312,	0.006164
313,	0.007814
314,	0.008458
315,	0.014970
316,	0.006162
317,	0.011382
318,	0.010341
319,	0.006255
320,	0.010741
321,	0.006644
322,	0.007271
323,	0.006455
324,	0.006670
325,	0.007961
326,	0.007168
327,	0.006863
328,	0.006830
329,	0.006443
330,	0.006414
331,	0.006976
332,	0.006882
333,	0.007615
334,	0.007604
335,	0.011653
336,	0.011327
337,	0.011674
338,	0.020546
339,	0.011740
340,	0.012858
341,	0.018709
342,	0.012078
343,	0.008942
344,	0.011937
345,	0.013898
346,	0.016726
347,	0.011833
348,	0.011948
349,	0.012571
350,	0.018829
351,	0.012671
352,	0.012502
353,	0.008726
354,	0.013991
355,	0.012709
356,	0.016300
357,	0.013302
358,	0.008502
359,	0.009785
360,	0.009633
361,	0.015583
362,	0.014568
363,	0.010667
364,	0.010063
365,	0.017615
366,	0.009787
367,	0.010872
368,	0.010406
369,	0.017322
370,	0.015117
371,	0.009612
372,	0.010780
373,	0.009031
374,	0.011753
375,	0.009346
376,	0.009380
377,	0.011091
378,	0.011178
379,	0.014472
380,	0.014000
381,	0.011379
382,	0.010313
383,	0.019429
384,	0.013684
385,	0.012774
386,	0.013622
387,	0.012475
388,	0.014668
389,	0.016380
390,	0.018847
391,	0.013284
392,	0.014654
393,	0.011635
394,	0.011424
395,	0.011469
396,	0.016927
397,	0.013836
398,	0.011310
399,	0.014136
400,	0.011846
401,	0.012512
402,	0.013106
403,	0.012054
404,	0.019618
405,	0.016515
406,	0.020884
407,	0.012697
408,	0.013258
409,	0.013824
410,	0.012697
411,	0.012907
412,	0.013089
413,	0.016752
414,	0.014181
415,	0.013225
416,	0.014064
417,	0.022767
418,	0.014112
419,	0.015375
420,	0.016736
421,	0.021964
422,	0.021779
423,	0.015344
424,	0.017402
425,	0.019584
426,	0.016167
427,	0.015723
428,	0.016181
429,	0.021300
430,	0.016320
431,	0.020863
432,	0.024400
433,	0.028858
434,	0.017246
435,	0.016228
436,	0.015079
437,	0.027098
438,	0.021823
439,	0.028073
440,	0.024883
441,	0.015441
442,	0.015765
443,	0.014531
444,	0.017849
445,	0.017636
446,	0.019255
447,	0.025655
448,	0.017521
449,	0.017802
450,	0.018501
451,	0.017383
452,	0.015629
453,	0.015395
454,	0.020892
455,	0.018968
456,	0.020230
457,	0.019005
458,	0.019078
459,	0.019490
460,	0.018810
461,	0.026846
462,	0.029215
463,	0.020501
464,	0.016990
465,	0.028082
466,	0.022871
467,	0.024253
468,	0.021761
469,	0.017678
470,	0.019025
471,	0.018521
472,	0.021145
473,	0.021431
474,	0.020623
475,	0.028171
476,	0.024786
477,	0.033547
478,	0.021929
479,	0.020979
480,	0.023230
481,	0.021472
482,	0.036274
483,	0.022283
484,	0.022398
485,	0.019553
486,	0.022379
487,	0.021478
488,	0.021649
489,	0.023008
490,	0.031603
491,	0.032221
492,	0.023309
493,	0.027908
494,	0.023253
495,	0.023953
496,	0.024515
497,	0.024468
498,	0.022775
499,	0.023116
500,	0.030198
501,	0.024522
502,	0.036817
503,	0.020491
504,	0.020604
505,	0.021843
506,	0.021576
507,	0.022195
508,	0.025863
509,	0.023406
510,	0.023172
511,	0.022822
512,	0.022482
513,	0.023514
514,	0.024398
515,	0.024094
516,	0.030405
517,	0.026740
518,	0.033442
519,	0.034713
520,	0.026340
521,	0.023748
522,	0.022788
523,	0.025814
524,	0.023090
525,	0.027865
526,	0.025956
527,	0.024263
528,	0.027403
529,	0.025803
530,	0.026547
531,	0.029523
532,	0.027874
533,	0.024535
534,	0.066736
535,	0.042921
536,	0.026573
537,	0.026736
538,	0.028480
539,	0.025472
540,	0.026052
541,	0.026425
542,	0.026696
543,	0.043586
544,	0.026027
545,	0.036191
546,	0.027227
547,	0.027816
548,	0.026929
549,	0.027753
550,	0.030001
551,	0.063889
552,	0.030105
553,	0.049516
554,	0.029128
555,	0.029622
556,	0.032419
557,	0.032291
558,	0.034250
559,	0.033560
560,	0.035966
561,	0.029080
562,	0.029241
563,	0.035520
564,	0.034395
565,	0.046309
566,	0.051135
567,	0.047885
568,	0.030480
569,	0.054781
570,	0.052969
571,	0.070717
572,	0.030828
573,	0.033808
574,	0.045060
575,	0.055171
576,	0.035908
577,	0.048378
578,	0.036294
579,	0.037048
580,	0.030619
581,	0.033830
582,	0.030873
583,	0.039266
584,	0.035971
585,	0.037910
586,	0.041912
587,	0.032670
588,	0.032036
589,	0.042053
590,	0.032870
591,	0.058362
592,	0.038740
593,	0.037180
594,	0.033892
595,	0.033986
596,	0.039059
597,	0.040913
598,	0.036599
599,	0.042217
600,	0.033338
601,	0.040194
602,	0.039937
603,	0.035851
604,	0.035436
605,	0.035872
606,	0.071196
607,	0.067383
608,	0.048217
609,	0.039184
610,	0.042967
611,	0.040773
612,	0.054619
613,	0.042680
614,	0.039192
615,	0.058986
616,	0.038777
617,	0.042712
618,	0.046232
619,	0.037456
620,	0.037356
621,	0.055021
622,	0.052992
623,	0.069491
624,	0.051255
625,	0.052349
626,	0.041261
627,	0.055239
628,	0.071286
629,	0.052656
630,	0.059638
631,	0.040620
632,	0.053074
633,	0.086408
634,	0.071472
635,	0.064773
636,	0.057242
637,	0.054346
638,	0.084788
639,	0.059395
640,	0.070145
641,	0.085717
642,	0.055489
643,	0.070380
644,	0.063476
645,	0.081463
646,	0.068777
647,	0.072215
648,	0.083106
649,	0.091780
650,	0.063756
651,	0.073245
652,	0.148230
653,	0.166543
654,	0.125348
655,	0.179973
656,	0.125970
657,	0.116942
658,	0.131922
659,	0.128963
660,	0.132368
661,	0.127757
662,	0.161345
663,	0.136463
664,	0.061902
665,	0.068762
666,	0.077407
667,	0.147056
668,	0.138067
669,	0.143341
670,	0.154566
671,	0.149227
672,	0.071869
673,	0.064071
674,	0.126728
675,	0.150239
676,	0.053070
677,	0.129490
678,	0.066844
679,	0.138037
680,	0.101814
681,	0.060198
682,	0.084011
683,	0.050453
684,	0.058490
685,	0.067500
686,	0.097525
687,	0.094622
688,	0.059086
689,	0.054201
690,	0.060471
691,	0.057846
692,	0.060116
693,	0.061195
694,	0.060688
695,	0.060464
696,	0.077825
697,	0.083179
698,	0.062755
699,	0.059926
700,	0.060311
701,	0.056855
702,	0.067674
703,	0.064714
704,	0.059796
705,	0.064286
706,	0.067460
707,	0.108009
708,	0.056881
709,	0.056265
710,	0.089511
711,	0.098605
712,	0.082721
713,	0.088408
714,	0.058073
715,	0.058248
716,	0.065104
717,	0.089547
718,	0.058057
719,	0.072363
720,	0.058353
721,	0.086563
722,	0.099251
723,	0.059473
724,	0.068706
725,	0.066345
726,	0.086806
727,	0.060938
728,	0.058253
729,	0.058763
730,	0.210138
731,	0.151244
732,	0.138590
733,	0.147547
734,	0.154757
735,	0.199936
736,	0.173602
737,	0.159437
738,	0.168159
739,	0.143130
740,	0.161860
741,	0.134846
742,	0.164915
743,	0.188383
744,	0.143771
745,	0.230791
746,	0.160920
747,	0.091795
748,	0.079571
749,	0.069877
750,	0.072967
751,	0.075036
752,	0.105339
753,	0.123425
754,	0.075858
755,	0.093948
756,	0.181202
757,	0.093129
758,	0.070599
759,	0.124262
760,	0.068328
761,	0.107284
762,	0.067010
763,	0.170000
764,	0.116733
765,	0.098805
766,	0.120922
767,	0.078694
768,	0.084056
769,	0.074102
770,	0.070970
771,	0.068352
772,	0.079855
773,	0.083771
774,	0.067659
775,	0.071539
776,	0.072968
777,	0.081976
778,	0.081750
779,	0.128274
780,	0.076867
781,	0.071350
782,	0.081554
783,	0.096858
784,	0.070765
785,	0.106647
786,	0.110814
787,	0.075538
788,	0.103092
789,	0.075157
790,	0.086767
791,	0.076275
792,	0.075252
793,	0.076802
794,	0.076516
795,	0.081106
796,	0.074919
797,	0.085010
798,	0.096490
799,	0.134954
800,	0.122699
801,	0.118342
802,	0.090880
803,	0.082561
804,	0.102523
805,	0.089466
806,	0.085230
807,	0.116562
808,	0.088747
809,	0.081575
810,	0.149648
811,	0.081452
812,	0.132892
813,	0.082648
814,	0.092879
815,	0.124841
816,	0.091658
817,	0.100185
818,	0.124396
819,	0.099845
820,	0.084144
821,	0.086486
822,	0.082771
823,	0.122037
824,	0.093590
825,	0.114828
826,	0.094240
827,	0.132038
828,	0.108651
829,	0.119360
830,	0.085690
831,	0.101584
832,	0.097520
833,	0.098072
834,	0.087045
835,	0.101740
836,	0.102802
837,	0.094867
838,	0.096126
839,	0.141497
840,	0.098366
841,	0.101038
842,	0.124408
843,	0.095353
844,	0.140341
845,	0.141158
846,	0.213691
847,	0.090340
848,	0.092604
849,	0.100409
850,	0.091255
851,	0.109578
852,	0.092914
853,	0.101680
854,	0.097356
855,	0.102764
856,	0.117364
857,	0.113213
858,	0.110032
859,	0.110233
860,	0.095086
861,	0.165878
862,	0.154450
863,	0.133998
864,	0.124346
865,	0.113627
866,	0.100394
867,	0.130109
868,	0.108440
869,	0.119936
870,	0.139220
871,	0.161592
872,	0.110296
873,	0.119071
874,	0.121907
875,	0.102231
876,	0.103874
877,	0.154414
878,	0.132761
879,	0.172639
880,	0.136484
881,	0.162173
882,	0.103746
883,	0.113101
884,	0.145548
885,	0.116929
886,	0.109065
887,	0.105946
888,	0.112645
889,	0.157518
890,	0.108114
891,	0.123391
892,	0.119566
893,	0.105577
894,	0.121514
895,	0.111572
896,	0.104439
897,	0.115955
898,	0.153567
899,	0.162218
900,	0.114029
901,	0.129262
902,	0.127137
903,	0.126133
904,	0.112558
905,	0.121018
906,	0.127036
907,	0.112890
908,	0.112016
909,	0.129800
910,	0.132446
911,	0.140195
912,	0.114947
913,	0.133248
914,	0.117344
915,	0.132875
916,	0.112991
917,	0.173190
918,	0.116204
919,	0.114614
920,	0.141416
921,	0.143007
922,	0.195103
923,	0.117067
924,	0.114507
925,	0.119201
926,	0.134198
927,	0.127264
928,	0.119932
929,	0.177173
930,	0.136998
931,	0.147161
932,	0.136462
933,	0.127235
934,	0.118042
935,	0.141242
936,	0.123163
937,	0.141807
938,	0.179412
939,	0.144635
940,	0.119814
941,	0.129614
942,	0.129257
943,	0.153080
944,	0.124463
945,	0.141411
946,	0.172908
947,	0.144730
948,	0.141761
949,	0.134631
950,	0.126144
951,	0.153047
952,	0.123882
953,	0.129737
954,	0.173713
955,	0.128504
956,	0.127216
957,	0.130824
958,	0.189456
959,	0.169893
960,	0.127098
961,	0.182494
962,	0.164882
963,	0.133796
964,	0.126907
965,	0.158102
966,	0.152734
967,	0.178376
968,	0.149129
969,	0.131491
970,	0.151985
971,	0.133994
972,	0.136733
973,	0.164976
974,	0.137884
975,	0.160601
976,	0.201059
977,	0.195493
978,	0.136397
979,	0.140995
980,	0.134420
981,	0.156649
982,	0.137122
983,	0.141729
984,	0.146411
985,	0.204719
986,	0.137924
987,	0.143657
988,	0.163543
989,	0.190730
990,	0.143733
991,	0.168827
992,	0.164545
993,	0.197037
994,	0.281081
995,	0.161395
996,	0.192570
997,	0.149133
998,	0.170995
999,	0.158592
